1 1 1 30 95.7
2 1 1 60 122
3 1 1 90 133
4 1 1 160 162
5 1 1 200 200
6 1 1 240 172
7 1 1 245 122
8 1 1 250 120
9 1 1 260 60.6
10 1 1 275 70
11 1 1 295 47.3
12 2 1 30 138
13 2 1 60 188
14 2 1 90 190
15 2 1 115 211
16 2 1 160 168
17 2 1 200 249
18 2 1 240 208
19 2 1 245 138
20 2 1 250 121
21 2 1 260 114
22 2 1 275 77.8
23 3 1 30 115
24 3 1 60 153
25 3 1 90 126
26 3 1 115 179
27 3 1 160 173
28 3 1 200 208
29 3 1 240 142
30 3 1 245 78.7
31 3 1 250 72
32 3 1 260 41.6
33 3 1 275 42
34 4 1 30 71.9
35 4 1 60 138
36 4 1 90 135
37 4 1 115 164
38 4 1 160 164
39 4 1 200 180
40 4 1 240 182
41 4 1 245 143
42 4 1 250 106
43 4 1 260 89.8
44 4 1 275 61.3
45 4 1 295 53.3
46 5 1.5 30 164
47 5 1.5 60 207
48 5 1.5 90 213
49 5 1.5 115 231
50 5 1.5 160 285
51 5 1.5 200 254
52 5 1.5 240 234
53 5 1.5 245 205
54 5 1.5 250 170
55 5 1.5 260 129
56 5 1.5 275 67.3
57 5 1.5 295 49.5
58 5 1.5 320 32.7
59 6 1.5 30 116
60 6 1.5 60 156
61 6 1.5 90 131
62 6 1.5 115 143
63 6 1.5 160 248
64 6 1.5 200 212
65 6 1.5 240 154
66 6 1.5 245 124
67 6 1.5 250 94.7
68 6 1.5 260 55.3
69 6 1.5 275 49.6
70 7 1.5 30 330
71 7 1.5 60 353
72 7 1.5 90 348
73 7 1.5 115 346
74 7 1.5 160 696
75 7 1.5 200 628
76 7 1.5 240 565
77 7 1.5 245 423
78 7 1.5 250 269
79 7 1.5 260 305
80 7 1.5 275 207
81 7 1.5 295 159
82 7 1.5 320 113
83 7 1.5 360 43
84 8 1.5 30 174
85 8 1.5 60 190
86 8 1.5 90 195
87 8 1.5 115 188
88 8 1.5 160 126
89 8 1.5 200 92.3
90 8 1.5 240 191
91 8 1.5 245 148
92 8 1.5 250 116
93 8 1.5 260 86.6
94 8 1.5 275 63.7
95 8 1.5 295 44.5
96 9 2 30 328.8
97 9 2 60 401.2
98 9 2 90 420.3
99 9 2 115 421.1
100 9 2 160 392.8
101 9 2 200 439.6
102 9 2 240 375
103 9 2 245 253.5
104 9 2 250 176.4
105 9 2 260 128.6
106 9 2 275 863.2
107 9 2 295 69.6
108 10 2 30 281.4
109 10 2 60 359.7
110 10 2 90 360.8
111 10 2 115 390.6
112 10 2 160 461.1
113 10 2 200 495.1
114 10 2 240 443
115 10 2 245 355
116 10 2 250 314.2
117 10 2 260 248
118 10 2 275 158.2
119 10 2 295 97.6
120 10 2 320 49.1
121 11 2 30 388.6
122 11 2 60 491.4
123 11 2 90 530
124 11 2 115 589.3
125 11 2 160 667.7
126 11 2 200 709.9
127 11 2 240 577.6
128 11 2 260 429
129 11 2 275 425.5
130 11 2 295 261.1
131 11 2 320 211
132 11 2 360 161.7
133 12 2 30 327.7
134 12 2 60 454.7
135 12 2 90 438.4
136 12 2 115 488.7
137 12 2 160 469.8
138 12 2 200 487.4
139 12 2 240 450.1
140 12 2 245 329.7
141 12 2 250 279.1
142 12 2 260 211
143 12 2 275 140.2
144 12 2 295 77.2
145 12 2 320 68.7
146 12 2 360 40.7
147 13 2.5 30 513.3
148 13 2.5 60 669.9
149 13 2.5 90 820.7
150 13 2.5 115 898
151 13 2.5 160 982.2
152 13 2.5 200 1002.6
153 13 2.5 240 1000.2
154 13 2.5 245 728.5
155 13 2.5 250 744.3
156 13 2.5 260 631.1
157 13 2.5 275 546
158 13 2.5 295 408.8
159 13 2.5 320 291
160 13 2.5 360 186.7
161 14 2.5 30 296.4
162 14 2.5 60 487
163 14 2.5 90 505.7
164 14 2.5 115 518.3
165 14 2.5 160 584.2
166 14 2.5 200 554.3
167 14 2.5 240 526.4
168 14 2.5 245 481
169 14 2.5 250 297.4
170 14 2.5 260 262.3
171 14 2.5 275 165.8
172 14 2.5 295 107.9
173 14 2.5 320 57.3
174 14 2.5 360 45.9
175 15 2.5 30 659.2
176 15 2.5 90 1054.8
177 15 2.5 115 965.9
178 15 2.5 160 1111.1
179 15 2.5 200 1203.6
180 15 2.5 240 1268.8
181 15 2.5 245 1016
182 15 2.5 250 932.1
183 15 2.5 260 884.3
184 15 2.5 275 705.5
185 15 2.5 295 323.5
186 15 2.5 320 462.7
187 15 2.5 360 441.3
188 16 2.5 30 412.7
189 16 2.5 60 493.5
190 16 2.5 90 623.3
191 16 2.5 115 652.2
192 16 2.5 200 480.6
193 16 2.5 240 658.5
194 16 2.5 245 518.6
195 16 2.5 250 412
196 16 2.5 260 243.8
197 16 2.5 275 235.9
198 16 2.5 295 151.1
199 16 2.5 320 101.7
200 17 3 30 579.5
201 17 3 60 849.1
202 17 3 90 928.8
203 17 3 115 1305.2
204 17 3 160 1272
205 17 3 200 1301.7
206 17 3 240 1288.4
207 17 3 245 1064
208 17 3 250 1041.2
209 17 3 260 1197.9
210 17 3 275 667.5
211 17 3 295 534.9
212 17 3 320 562.9
213 17 3 360 303.3
214 18 3 30 415.9
215 18 3 60 508.4
216 18 3 90 527.7
217 18 3 115 660.2
218 18 3 160 651.4
219 18 3 200 597.2
220 18 3 240 594.9
221 18 3 245 489.2
222 18 3 250 365.6
223 18 3 260 309.8
224 18 3 275 169.4
225 18 3 295 111.3
226 18 3 320 58.2
227 19 3 30 295.1
228 19 3 60 452.6
229 19 3 90 559.1
230 19 3 115 540.1
231 19 3 160 573.2
232 19 3 200 581.7
233 19 3 240 580.3
234 19 3 245 442.4
235 19 3 250 330
236 19 3 260 252
237 19 3 275 139
238 19 3 295 71.3
239 20 3 30 583.2
240 20 3 60 689.5
241 20 3 90 807
242 20 3 115 855.6
243 20 3 160 662.5
244 20 3 200 778.9
245 20 3 240 746.2
246 20 3 245 439.4
247 20 3 250 436.8
248 20 3 260 347.2
249 20 3 275 273
250 20 3 295 121.3
251 21 3.5 30 612.1
252 21 3.5 60 724.9
253 21 3.5 90 697.7
254 21 3.5 115 759.7
255 21 3.5 160 749.4
256 21 3.5 200 881.9
257 21 3.5 240 684.5
258 21 3.5 245 448.3
259 21 3.5 250 422.7
260 21 3.5 260 404.8
261 21 3.5 275 223
262 21 3.5 295 126
263 21 3.5 320 78.1
264 22 3.5 30 623
265 22 3.5 60 744.2
266 22 3.5 90 848.6
267 22 3.5 115 911.8
268 22 3.5 160 880.4
269 22 3.5 200 841.4
270 22 3.5 240 694.4
271 22 3.5 245 548.4
272 22 3.5 250 397.6
273 22 3.5 260 293.5
274 22 3.5 275 241.4
275 22 3.5 295 130.9
276 22 3.5 360 119.5
277 23 3.5 30 631.6
278 23 3.5 60 766.9
279 23 3.5 90 888.3
280 23 3.5 115 805
281 23 3.5 160 879.9
282 23 3.5 200 858.5
283 23 3.5 240 827.5
284 23 3.5 245 722.4
285 23 3.5 250 559.9
286 23 3.5 260 477.7
287 23 3.5 275 306.5
288 23 3.5 295 199
289 23 3.5 320 130.2
290 23 3.5 360 79.9
291 24 3.5 30 570.7
292 24 3.5 60 711.7
293 24 3.5 90 724.9
294 24 3.5 115 905.3
295 24 3.5 160 849.8
296 24 3.5 200 802.6
297 24 3.5 240 890.4
298 24 3.5 245 711
299 24 3.5 250 672.8
300 24 3.5 260 498.1
301 24 3.5 275 368.2
302 24 3.5 295 166.4
303 24 3.5 320 112.4
304 24 3.5 360 68.2
305 25 4 30 779
306 25 4 60 962
307 25 4 90 1274
308 25 4 115 1427
309 25 4 160 1196
310 25 4 200 1476
311 25 4 240 989
312 25 4 245 855
313 25 4 250 958
314 25 4 260 518
315 25 4 275 595
316 25 4 295 427
317 25 4 320 246
318 25 4 360 101
319 26 4 30 354
320 26 4 60 504
321 26 4 90 747
322 26 4 115 690
323 26 4 160 817
324 26 4 200 728
325 26 4 240 764
326 26 4 245 388
327 26 4 250 288
328 26 4 260 172
329 26 4 275 79
330 26 4 295 79
331 26 4 320 52
332 27 4 30 734
333 27 4 60 1206
334 27 4 90 1002
335 27 4 115 1617
336 27 4 160 1594
337 27 4 200 1701
338 27 4 240 1422
339 27 4 245 1182
340 27 4 250 1321
341 27 4 260 1208
342 27 4 275 913
343 27 4 295 438
344 27 4 320 463
345 27 4 360 356
346 28 4 30 743
347 28 4 60 781
348 28 4 90 1129
349 28 4 115 1354
350 28 4 160 1149
351 28 4 200 1401
352 28 4 240 1428
353 28 4 250 1431
354 28 4 295 394
355 28 4 360 191
356 29 4.5 30 599
357 29 4.5 60 726
358 29 4.5 90 838
359 29 4.5 115 885
360 29 4.5 160 844
361 29 4.5 200 854
362 29 4.5 240 829
363 29 4.5 245 659
364 29 4.5 250 545
365 29 4.5 260 401
366 29 4.5 275 276
367 29 4.5 295 184
368 29 4.5 320 139
369 29 4.5 360 55
370 30 4.5 30 529
371 30 4.5 60 635
372 30 4.5 90 771
373 30 4.5 115 768
374 30 4.5 160 867
375 30 4.5 200 864
376 30 4.5 240 806
377 30 4.5 245 566
378 30 4.5 250 465
379 30 4.5 260 314
380 30 4.5 275 212
381 30 4.5 295 165
382 30 4.5 320 63
383 31 4.5 30 575
384 31 4.5 60 637
385 31 4.5 90 584
386 31 4.5 115 608
387 31 4.5 160 619
388 31 4.5 200 690
389 31 4.5 240 618
390 31 4.5 245 415
391 31 4.5 250 370
392 31 4.5 260 271
393 31 4.5 275 209
394 31 4.5 295 110
395 31 4.5 320 76
396 32 4.5 30 637
397 32 4.5 60 837
398 32 4.5 90 996
399 32 4.5 115 1047
400 32 4.5 160 1018
401 32 4.5 200 985
402 32 4.5 240 1119
403 32 4.5 245 937
404 32 4.5 250 766
405 32 4.5 260 569
406 32 4.5 275 467
407 32 4.5 295 220
408 32 4.5 320 175
409 32 4.5 360 110
410 33 5 30 904
411 33 5 60 1568
412 33 5 90 1721
413 33 5 115 1839
414 33 5 160 2137
415 33 5 200 2191
416 33 5 240 2405
417 33 5 245 1937
418 33 5 250 2013
419 33 5 260 1671
420 33 5 275 1362
421 33 5 295 1062
422 33 5 320 891
423 33 5 360 584
424 34 5 30 655
425 34 5 60 958
426 34 5 90 1088
427 34 5 115 1040
428 34 5 160 1158
429 34 5 200 1108
430 34 5 240 1073
431 34 5 245 772
432 34 5 250 637
433 34 5 260 520
434 34 5 275 339
435 34 5 295 232
436 34 5 320 158
437 34 5 360 109
438 35 5 30 797
439 35 5 60 903
440 35 5 90 1034
441 35 5 115 1090
442 35 5 160 1192
443 35 5 200 1142
444 35 5 240 1196
445 35 5 245 966
446 35 5 250 823
447 35 5 260 695
448 35 5 275 511
449 35 5 295 341
450 35 5 320 279
451 35 5 360 132
452 36 4.38 30 403
453 36 4.38 60 456
454 36 4.38 90 518
455 36 4.38 115 569
456 36 4.38 160 656
457 36 4.38 200 627
458 36 4.38 240 665
459 36 4.38 245 366
460 36 4.38 250 338
461 36 4.38 260 266
462 36 4.38 275 176
463 36 4.38 295 97
464 36 4.38 320 56
465 37 5 30 587
466 37 5 60 653
467 37 5 90 736
468 37 5 115 764
469 37 5 160 748
470 37 5 200 790
471 37 5 245 330
472 37 5 250 320
473 37 5 260 223
474 37 5 275 137
475 37 5 295 78
