0 0 . 1 163.3
1 . . 3 135.3
1 1 . 3 164.4
0 0 0 3 203.8
1 1 1 1 198.4
1 . . 3 160.6
1 . . 3 270.1
1 0 0 3 235.7
1 1 1 1 175.8
1 1 . 3 232.8
1 1 1 1 142.8
1 1 1 1 155.1
1 1 1 1 213.3
1 . . 1 141.9
1 1 . 1 174.1
1 1 . 1 189.3
0 1 . 3 259.2
1 0 . 3 189.3
1 0 . 1 178.6
0 0 0 1 216.1
1 1 . 1 204.6
1 0 0 2 181.9
1 0 1 1 195.8
0 . . 2 264.7
1 . . 1 84.9
0 1 . 3 235.1
1 1 0 1 148.5
0 0 . 3 262.6
0 0 . 2 242.6
1 . . 1 123.1
1 . . 1 200
1 0 0 1 180.2
0 . . 1 164.1
1 0 0 1 154.2
1 1 1 1 122.2
1 0 0 2 294.1
1 0 0 1 170.1
1 1 1 1 195.4
1 1 1 1 171.3
1 1 . 2 299.5
1 0 . 3 231.2
1 . . 1 192
0 0 . 2 156.4
0 1 0 3 272
1 0 0 1 157.3
0 0 0 1 198.1
1 0 0 3 168.8
1 1 0 1 167.5
1 . . 1 186.1
1 1 1 1 90.7
0 0 1 2 245.8
1 0 0 3 202.2
1 1 . 3 250.2
1 . . 1 199.3
1 1 1 3 252.7
1 0 0 2 267.6
1 1 . 1 152.1
1 0 . 3 225.1
1 0 0 1 172
1 0 0 1 163.3
1 1 . 1 143.3
0 1 0 3 256.2
1 1 1 1 166.7
1 1 0 2 188.4
0 0 . 1 137.4
1 1 1 1 189.4
1 0 1 3 177.7
1 1 0 1 210.3
1 1 1 1 74.9
1 1 0 1 216.3
1 1 . 1 146.1
1 1 . 2 263.5
1 0 0 2 237.1
1 . . 1 122.8
0 0 0 3 217.7
0 1 0 1 209.9
0 0 0 1 234.1
1 . . 1 159.5
1 1 0 1 252.9
1 1 . 3 286
1 1 . 1 219.3
1 1 0 2 266
1 1 . 3 243.7
1 0 0 1 146.7
0 0 . 3 204.3
1 . . 1 159.3
1 1 . 1 194.7
0 0 0 3 233.2
1 0 0 1 266.6
1 0 0 1 186.7
1 . . 1 177.1
1 . . 1 191.8
1 0 . 1 196.7
1 . . 1 247.3
1 0 0 1 222
1 1 0 2 224.3
1 . . 1 153.7
1 1 0 1 274.8
0 0 . 3 155.1
1 . . 1 126.3
1 0 1 1 184.3
1 0 . 1 179.8
0 1 0 3 267
1 0 . 1 202.3
1 0 1 1 179.3
1 0 . 1 123.1
1 0 . 2 195.7
0 0 . 3 287.4
1 0 1 3 183.1
0 0 0 3 250.5
1 0 . 1 107.9
1 1 1 1 209.7
1 0 1 1 113
1 1 0 1 215.1
1 1 . 1 185.1
1 1 . 1 183.8
1 0 0 1 220.9
1 0 0 1 167.8
1 0 . 3 216.5
1 1 1 2 177
1 0 1 1 142.9
1 1 1 1 169.2
0 1 . 1 176.8
1 1 0 2 214.7
1 1 0 2 243.4
1 1 1 3 213.3
0 1 0 1 227.8
1 0 0 3 155.1
0 0 . 1 180
1 0 1 1 89.4
1 0 0 3 182.6
1 1 . 3 181.5
0 1 0 3 290.1
1 . . 1 209.8
0 . . 2 249.3
0 . . 1 238.8
0 0 0 1 197
1 1 0 3 290.1
1 0 0 2 165.4
1 1 . 1 249.2
1 . . 1 131.9
1 1 . 1 177.7
1 1 0 3 263.5
1 1 1 1 169.1
1 1 0 3 223.1
1 0 0 3 145.1
1 0 0 3 269.5
1 . . 1 140.5
1 1 . 2 233
1 1 0 1 225.6
1 1 1 1 152.4
1 1 0 1 220.4
0 0 0 1 173.6
1 0 0 2 199.4
1 . . 1 189.2
1 1 . 1 184.9
1 1 0 3 260.3
1 . . 1 187.5
1 0 1 1 135.9
1 0 0 1 169.7
1 0 0 1 217.6
1 0 . 1 89.4
1 0 1 3 169.5
1 0 0 3 177.8
1 0 0 2 184.6
0 0 0 1 174.2
1 0 0 3 220.5
1 1 . 1 202.1
1 0 . 1 228.9
1 0 1 3 132.9
1 0 . 3 212.6
1 0 0 2 126.2
1 . . 1 153.1
1 0 1 1 90.2
1 . . 1 222.3
1 . . 1 178.8
1 . . 3 201.9
1 1 0 1 198.9
1 1 1 1 162.4
1 . . 3 237.3
1 . . 1 176.5
1 . . 1 142.9
0 0 0 3 225.3
0 0 0 3 258.7
1 0 0 2 150.8
1 0 . 2 195.7
1 . . 2 183.2
0 0 0 3 285.2
0 1 . 3 240.9
1 1 0 3 231.8
1 1 . 1 120.6
1 . . 1 155.2
1 0 0 1 149.1
1 0 0 1 158
1 . . 1 178.2
0 0 0 1 185.4
1 1 1 1 136.2
1 . . 1 226.2
1 1 . 1 244.5
1 0 1 1 197.8
1 1 0 2 193.6
0 0 . 1 216.2
0 . . 2 240.1
1 1 0 1 225.6
0 . . 2 239.3
1 1 1 1 186.7
1 1 0 3 268.8
1 1 . 1 167.7
1 0 0 1 242
1 1 0 1 173.2
0 0 . 1 118.9
0 0 1 3 256.4
1 1 0 1 179
1 1 . 3 260.7
1 1 1 2 195.9
1 0 . 1 232.2
1 0 0 1 102
1 . . 1 200.5
1 0 0 1 163.2
1 . . 2 237.9
1 . . 1 171.6
1 0 0 3 212.3
0 0 . 3 259.8
1 1 . 3 271.5
1 . . 1 171.7
1 1 . 3 301.9
1 . . 1 181.3
1 1 . 1 168.9
1 0 0 2 185
1 0 0 3 221.7
0 1 0 3 247.4
1 0 0 1 158.5
1 1 0 3 268.3
1 1 0 1 163.5
1 1 . 1 195.7
1 . . 1 131.6
0 0 . 3 214.6
1 0 . 1 258.6
1 0 1 3 237.3
1 1 1 1 150.4
1 . . 3 236.4
0 0 0 3 306.9
1 1 0 1 190.4
1 1 0 3 258.8
1 0 0 3 256.8
1 1 . 2 238.3
1 1 0 1 228.9
1 1 1 1 213.6
1 0 0 2 231.1
0 0 . 3 202.8
1 0 . 1 203.3
1 0 0 1 167.5
1 . . 1 172.2
1 0 0 2 199.8
1 1 1 1 199.4
1 0 0 2 183.4
1 . . 1 219.8
1 0 0 3 198.2
1 . . 1 190.3
0 0 . 1 236
1 . . 1 197.5
1 1 1 3 185.5
1 0 . 1 139.7
1 . . 1 172.4
1 . . 1 242.9
1 . . 1 187.9
1 1 0 1 213
1 . . 1 246.6
1 1 1 2 190.3
1 . . 3 269.8
0 0 0 3 240.2
1 1 1 1 139.1
1 0 0 2 202.3
1 1 0 1 218.4
1 0 0 1 104.4
1 1 0 3 230.4
1 0 0 1 188.6
1 0 . 1 224.6
1 0 0 1 174.9
1 . . 1 156.8
0 0 . 3 266.1
1 0 . 3 227.6
1 1 . 3 256.1
1 1 1 1 145.5
0 0 0 2 275
1 . . 1 169.9
1 0 0 2 175.6
1 0 0 1 193.2
1 1 . 3 244.6
1 1 . 1 191.2
0 0 . 3 262.6
0 1 0 3 260.7
1 . . 1 190.6
1 1 1 1 167
1 0 0 1 242.7
1 1 . 1 133.7
1 . . 1 131.4
1 0 0 3 173.5
1 0 0 3 237.7
1 0 0 1 203.1
